1054 9368
5936 7423
811 2950
4303 8841
1147 3091
79576 182
2956 3707
4092 9353
93974 9255
5682 972
5747 10728
7057 7059
6497 81844
3665 8763
5581 9146
55294 3801
7043 6934
10379 7048
4860 8473
1956 23765
4216 7161
1020 8772
5335 4824
604 10163
8737 54910
4292 9655
6774 10782
5595 22900
2778 25805
939 51564
26999 5532
102 1856
7189 340061
5295 182
5311 51454
64783 23765
1856 54843
23568 3659
4616 2202
661 84282
7040 63826
56940 10437
675 3280
5829 51379
648 6670
302 54476
10062 8425
861 4040
2004 1739
7716 11221
5781 7148
10935 128
4296 81565
2956 64783
57669 4763
7430 4824
4214 7072
8841 127281
24145 63826
2305 55250
8312 5817
864 4092
4048 375056
5052 57669
10621 79872
998 56923
4092 567
581 1510
4691 323
2530 8775
4644 7422
323 163126
196 3297
1386 4296
5663 55715
2896 7096
5898 7187
79840 24145
55366 5217
8772 4090
581 4763
5395 8651
6497 5045
56913 55109
4691 3297
8754 4221
8563 567
2771 10987
4282 5532
5268 5660
7187 29
7189 22920
896 55715
4615 23295
4221 2969
28996 3280
2534 6733
472 4616
90 7025
3397 541468
5594 1270
302 4831
7716 9536
323 5819
1997 3659
2207 51454
29110 5217
6809 7430
9572 63826
5608 5291
10076 140885
196 63916
9564 4092
8741 5916
2207 128
641 54795
148281 2956
5603 2277
6591 23705
2004 51592
1605 55366
23405 57506
5721 1232
4691 4628
3398 5819
8943 84282
3309 23295
4088 55904
1958 5310
9076 7072
6498 3665
391 9572
3654 6497
6416 29937
678 51196
3717 661
5925 4205
9611 56829
3309 8741
3091 8775
3685 4628
6461 1848
306 59307
9341 2281
2629 8654
7025 23765
5460 220972
10174 23765
868 10498
10755 22985
57506 5660
25865 5587
3654 5413
8567 6929
5052 652
2885 4040
79840 10114
1499 140885
25865 29
2547 29
5581 128
11128 8943
2885 2321
4214 5817
6733 3707
2734 405
10935 54910
1147 8976
4292 182
4616 9341
9344 4683
648 4851
7037 1278
675 28996
7067 7164
7048 4651
8425 127281
10782 5217
3476 7423
2004 11326
5663 2207
4205 25805
4087 59307
6498 163126
3398 7148
10379 7030
56998 7072
4292 10652
1605 55971
10379 7018
2874 7030
5467 8563
26999 10437
1739 56246
2547 54106
5595 56829
5871 26277
9821 6812
9344 5898
5052 7430
4615 4691
4860 23598
1027 25945
6733 896
3315 9846
4691 80762
6647 6886
7423 4040
4690 114609
2534 2914
23162 27032
51135 6929
9611 8473
1051 7067
8239 6284
6194 5916
1027 9500
8754 10114
1739 3579
5604 81565
498 55366
1832 10370
4615 4217
5335 8829
3661 5621
302 4221
4221 22900
997 5176
9255 90
57142 472
7442 7374
10818 3714
10458 2353
3675 84231
8737 4040
6647 3725
864 579
29 9353
5916 23705
675 5609
23568 2624
10616 10221
10014 9618
3728 23210
23557 659
675 10623
4627 8976
8976 11326
5316 1997
28996 3108
5682 889
5829 2776
7132 409
153090 7857
283 8867
6714 51231
4205 4651
6194 506
9372 10370
6464 80762
3280 3108
23318 93986
10935 896
5936 51231
1909 5532
10728 5608
6464 10221
7342 5155
6498 2539
9368 8741
23568 54476
3661 23318
4216 7374
1510 54795
8945 3714
8473 8493
9076 8493
2547 8651
408 3431
2277 10076
11104 23765
2547 966
4221 9372
55294 51752
4683 9092
2950 2305
23405 5873
8654 92140
51592 1997
8315 10622
8775 7148
5395 4048
6850 3579
4218 6789
6777 1232
7001 11120
1958 5194
2353 4296
6498 11104
6647 6772
306 4163
4092 79872
3665 4724
3661 3717
1027 1490
5970 5608
2896 56923
6890 28962
5603 3675
10755 2530
5052 112744
6885 1997
306 998
22985 657
24145 8775
9545 56829
23592 7161
9341 8493
23236 100
5598 5291
8737 84282
27086 4048
1147 51592
7067 81565
7189 9536
3672 7941
659 8775
4282 9451
1969 2207
148281 1510
4087 90
6868 3688
5587 2530
6464 11221
8613 6303
10014 3397
4615 4094
51231 3714
4851 6774
6497 8915
3329 84282
10672 23295
6416 6722
4790 1464
7043 2634
5300 23210
6464 3981
5796 661
3315 4615
6772 649
678 57551
1054 5191
55072 657
1270 10163
11331 23705
23139 6794
5307 7059
2771 1500
409 2277
340061 2202
3297 79594
23542 2202
7422 581
9618 80762
4824 6376
9536 388
7018 4651
55083 4824
10163 10437
2782 7148
1020 2321
6809 3685
648 26999
1278 51119
102 4094
4771 10766
3476 3725
23405 3148
409 56246
5898 6777
8867 889
55072 25945
8767 7518
960 84282
57551 4436
57154 4853
10252 7001
3491 4436
4860 405
4628 5333
6868 149041
2683 8654
498 2736
2530 6814
23162 677
23542 28962
5074 1857
3654 3476
4221 9536
1958 7072
5915 163126
7531 1001
1857 3572
7187 4436
4628 2626
10818 567
7132 7018
7048 2530
54106 388
3516 10062
5621 7941
4691 140885
302 5721
5747 163126
10972 2782
11047 7072
9451 26277
7132 29
4683 4054
10935 4040
5664 2064
4690 128239
7001 3146
10174 9536
2885 148281
5747 4094
4771 2625
3091 102
8425 1130
6647 55250
5594 613
939 5601
1840 284
7189 10370
8651 641
604 1845
5580 27035
2896 7342
972 127281
4094 54820
2280 375056
55145 4221
3685 56940
4048 51231
7414 5720
58533 5873
5603 2736
2353 7018
81844 5307
3476 4216
7531 6722
10458 64783
57142 5654
939 7342
961 8425
472 10437
55366 961
8473 997
6868 4437
6416 7189
2207 64805
1051 79576
7187 3397
5728 63916
5911 7071
604 7071
4217 11047
498 25865
1232 51454
5307 4775
9372 5721
595 10652
57506 6404
4830 6468
939 1500
5581 1958
7157 949
3315 1386
5879 4724
7030 51454
4627 7716
7046 2305
8315 9146
6498 4771
5879 6670
55145 10622
208 391
55145 2956
58533 56246
10672 9500
149041 28962
5599 84231
5716 3202
1432 10908
2626 2281
6812 84282
22985 56829
11331 29072
7531 4054
2782 4221
80762 7077
675 9611
10076 7423
301 10437
5879 2734
498 2767
54843 5413
55083 472
6774 81844
2889 25945
6284 57551
208 5819
10987 55904
10935 8313
7531 80762
11171 1997
3491 6814
23513 25805
5911 4724
4615 5915
79084 5413
128 9076
10892 1857
55083 5654
3476 10163
1958 8493
811 5817
6093 9451
4830 22920
7040 102
4216 51196
5333 10296
613 8312
55971 4218
4690 9500
22976 652
2889 5217
6497 5460
11326 3572
4214 6778
5052 975
9043 2064
6497 8867
1278 10379
4221 3801
2734 51564
4163 3491
11326 27035
2683 961
5310 9536
59307 3579
5879 5311
23542 506
10252 7186
6194 659
4088 5048
7132 2776
9372 972
1845 7164
56923 51347
9255 5817
2280 6777
9536 56998
4087 26999
54795 80781
10076 163126
4771 10437
3397 51454
302 163126
80762 7025
57154 54476
5925 60485
8773 3431
28996 4296
4627 9451
1499 10626
10892 2280
7187 54910
581 3202
2277 7161
1499 9092
4615 10621
3329 79576
4040 23765
6647 5333
10725 93986
10755 2022
5074 7148
5797 4240
641 9572
6714 79594
604 3572
5830 55904
1028 7342
1432 1845
5692 5045
4771 3675
3665 5692
659 5311
4087 6284
6194 81565
6194 8493
5970 3659
10049 8943
3622 2889
302 5154
1001 27032
84901 56829
7161 64805
23139 79872
5728 8741
3622 3516
54778 661
8613 405
9341 6259
1605 6934
966 3675
4221 8493
55294 1001
8767 8239
23139 5916
83737 7148
79840 57551
5915 8763
7161 8741
50488 6890
240 10163
2896 55109
10818 7164
10458 5829
6733 55715
1956 7857
10049 11104
2782 140885
9479 7442
5692 23598
148281 3801
4294 10370
8315 572
2064 30009
22976 7071
3981 56940
408 2736
678 51564
10174 1840
23405 10437
604 5721
5606 613
1147 7422
1909 1028
3315 8315
6809 2896
10972 22900
861 54795
23557 5532
9479 5692
10818 6468
10766 10221
2950 4205
472 3357
28996 11104
2683 3725
5595 541468
6886 8943
8567 5728
11128 5817
1500 3675
51592 283149
23139 1130
9821 30009
28996 26277
57154 2277
5970 4218
2734 8315
1997 51231
5578 26191
506 182
5310 64805
6093 5532
8741 51752
5970 29937
2205 7320
4851 5915
5716 5796
2004 5048
81565 4211
5587 391
5682 10908
6259 7059
79576 506
57154 84282
3397 54778
8829 51454
9368 5191
56998 83706
9545 27035
678 2771
240 9655
149041 5532
58533 2896
8425 4437
8737 5595
5154 51752
93974 9448
2202 7342
4240 388
4209 55083
5663 8613
2277 567
5829 10163
7037 6789
80762 972
960 55703
6850 1856
93986 84231
51564 3801
51701 63916
7132 4089
604 4211
966 7071
10522 27035
1027 6376
6850 51347
55083 79594
4216 4437
1832 6778
23557 5911
5074 22985
3265 5609
1432 10623
6778 7164
1605 5914
83737 55250
7189 7132
23075 7072
4092 55250
409 3655
8772 23705
1969 5598
26999 6303
6194 7048
51196 57630
6461 836
966 5819
80762 8651
9451 5720
3665 6404
5828 10622
2956 79594
29110 10626
283 51454
55294 11128
648 657
128 54778
3315 4763
5587 2767
10163 9448
3297 1857
9500 506
4830 6794
22985 7071
5371 4296
7161 972
3398 1028
960 11326
54778 28962
8741 3659
6647 3491
28996 6591
1956 3491
4048 55109
1969 4691
1499 2914
6461 5311
8567 80381
4775 7320
302 10818
3315 7857
5310 1845
9821 659
868 7342
9344 1001
4296 55904
10728 9341
26999 7442
1969 30009
2034 7043
8772 1845
23513 220972
2776 3714
28996 6670
5664 5716
23162 51231
5914 10766
6809 472
4771 11221
182 55109
1270 114609
5609 10221
55294 8773
2321 23598
5469 9156
1278 5578
3146 324
10755 5609
1856 51454
80781 8654
6764 4216
28996 7100
2629 8829
4294 10497
2534 10522
2547 5911
5581 51378
10652 6789
1857 5191
9611 54106
2634 1857
2549 1840
4303 79576
4853 51752
3265 949
11221 163126
4627 55904
8829 5311
9341 7059
538 93986
10437 4054
27086 83706
93974 148281
4216 5911
5829 3717
648 64783
8945 3643
148022 9255
4831 4436
2736 3572
3661 4218
9344 595
25865 54778
4790 4771
8943 8313
10766 11120
5660 3108
498 3665
7414 2736
10062 7342
4615 5191
5335 7072
301 8867
56923 4724
7040 11120
5603 3665
8767 56923
5310 9846
54910 50488
9344 6929
23560 3579
5580 9846
9846 10626
9156 3491
1051 2064
3707 10621
55294 2736
4091 51347
2767 5818
6461 1054
55145 6885
23162 567
54476 23598
595 50488
3655 3672
5970 1464
153090 2202
83737 7077
6886 54778
5663 5621
7037 5796
4048 84282
2064 10370
7430 1028
5608 84282
11128 506
23557 506
4088 4048
6890 4437
5598 10497
2771 5607
6194 128239
1054 80381
4628 163126
11171 6890
4627 1147
4091 7423
63916 8563
5716 1845
6868 51454
5601 6376
57630 7941
4831 90
6093 9572
4790 2277
5720 5796
93974 5916
10049 26191
5335 4771
7414 55145
5609 7518
5074 10908
678 7857
4851 9618
3265 182
4296 51752
1499 5873
4763 81565
6886 11221
4209 6733
23765 1464
23236 1130
5970 5155
302 6772
6850 7040
961 9572
4294 405
3476 2064
79840 51752
10987 114609
4691 3431
11171 7161
23405 5608
9611 93986
975 7161
8763 27035
2969 5155
7428 3491
23542 9655
5599 4763
5873 112744
7428 148022
25865 4205
472 2776
5829 3202
3309 7059
648 581
678 3726
4048 5916
6468 2914
5819 29
4209 1845
9341 112744
9043 7100
7100 506
93986 57551
1739 9372
51135 5720
23598 9536
3309 27086
9448 23513
2889 23513
5819 84231
6929 3397
8945 29937
5966 7334
5395 7025
10062 80781
5728 7148
3622 80824
79594 661
11128 5692
2207 8773
4627 10497
3643 4691
6498 8775
7164 80381
6259 8563
3315 57551
2885 9043
1027 3516
4615 8915
4831 323
960 1001
864 26191
23592 2778
208 2034
3654 5045
324 7442
2549 6468
8976 79576
7716 7018
8767 1365
2874 29110
4217 8493
10935 23513
3801 4437
5578 5048
4691 54910
22920 283149
9545 23210
5747 84282
23560 9572
57669 1500
29072 649
9536 10652
10626 8763
4163 127281
55250 6890
26999 8239
10163 1232
8312 6591
5295 60485
11331 659
1909 79872
2778 23210
10972 5601
8741 50488
5654 1510
2280 677
1845 2530
5268 8651
2022 5781
2950 23598
3717 7334
408 8425
5914 5601
5966 1739
2736 5797
3297 10621
23513 6777
1906 5155
579 7072
836 1857
7187 5915
5654 3801
102 677
5154 5194
1432 128
5594 5595
8772 3491
6714 391
5578 3398
10458 60485
939 2207
408 9655
79840 8312
6498 8493
8915 4091
6284 5817
3329 3146
2683 51564
10972 8867
7430 55715
29110 60485
6850 54820
57551 652
25945 59307
6416 6093
7453 836
6464 11128
8563 51119
2205 51378
5871 25805
7334 23295
54106 10114
7046 861
6647 604
6647 51135
9341 8313
148281 2305
604 5916
4221 10522
4771 6591
2626 2539
5829 2626
5469 340061
55145 348
3728 57551
2064 5307
5925 25805
811 5291
26999 9092
1969 5716
3309 1997
1278 10253
51592 5692
93974 2207
6498 5395
5469 6934
7037 3643
5601 8943
10163 7430
6890 1848
506 10272
4683 5915
2321 55072
5310 23139
8945 149041
8767 6812
79872 92140
7048 114609
2316 11128
2353 5819
6809 9821
1956 675
5966 579
23557 7442
22920 23075
3801 54843
54910 57669
55083 2950
240 11047
30009 56246
2054 7148
10935 2914
4221 8763
4690 9368
7155 4092
498 10437
323 5828
23043 8841
23568 8315
3622 79872
25805 6777
5598 140885
4091 55703
6812 3202
6885 22900
51564 10159
6778 659
6929 1840
4824 7018
79084 5915
182 2914
5217 1840
5598 51347
2202 5191
10972 4205
6714 4853
2736 6777
1054 83737
3654 55145
2767 54820
6464 55072
7531 23560
56940 5395
323 9092
7189 7018
9846 6934
2969 9146
302 1365
2767 5048
3516 64805
4437 11104
8754 25945
4217 1739
9341 7018
5911 6303
998 284
10626 1232
6416 541468
4615 64783
10014 51564
7037 6714
5598 51196
8829 661
5879 9341
8239 182
677 63916
55366 9655
4853 79576
56913 1499
1969 5194
283 84282
1845 60485
5663 5970
8772 2281
6868 6404
5052 51752
4089 63916
55083 10908
613 84282
6777 2530
79594 23705
148281 23162
1856 2022
3265 93986
7189 5413
6733 5191
1054 2118
836 2054
3622 4205
3717 6591
63916 4054
7025 10497
391 30009
6461 4240
10972 3725
55083 538
572 8493
148281 79594
4221 375056
2629 2064
5609 4296
4221 6812
11171 51564
4616 11104
408 83706
79840 975
8943 114609
6647 3397
283 55715
23295 30009
2353 9146
2004 283
1027 2280
58533 5621
5747 81565
5873 1028
55250 661
6093 10652
538 5176
5598 26277
10379 4221
5936 4240
55250 128239
51135 6093
2539 56998
2321 5316
5587 7374
3146 283149
5663 93974
9255 6812
3280 5721
6497 1464
8440 4163
83737 5395
3329 506
6778 112744
2625 220972
4616 641
391 5395
10892 10497
678 10522
6794 4040
3315 5916
613 4615
581 7025
5316 7072
4296 8313
22985 5660
8315 51196
5660 4040
5966 6850
6498 2969
57154 960
4830 56940
10908 63826
5797 7077
7157 3688
29110 51196
694 51378
55971 148281
8945 5797
6464 4683
5467 63916
5581 2874
57551 3108
10672 8312
4209 79084
10987 92140
2683 5155
7046 57669
58533 301
2316 7423
3726 7423
2683 10076
2778 7374
4086 10652
506 10221
2629 4217
5460 5176
8976 10316
3685 581
3476 23598
93974 6929
579 2539
9655 127281
4221 2767
153090 506
1432 5654
3728 506
2205 56246
8767 26277
3297 2530
3315 5692
9043 11047
60485 24145
5578 1490
7040 7430
3146 55109
5716 4628
2734 8943
10755 51379
5914 6890
9821 63826
5664 7164
102 4048
5335 54910
6498 5721
23513 59307
10458 3725
3476 641
9846 27032
836 7030
2874 6789
2778 4048
8841 114609
1054 5621
9545 8546
25865 55715
6050 2034
5395 567
6093 8772
4628 8651
5532 26191
4086 5587
23513 5873
7186 6812
939 2118
54106 2778
153090 54476
6670 340061
51135 5045
8772 659
2950 23295
6093 1510
961 10626
5594 10892
1840 4054
7096 4217
4048 29
10049 23139
57154 23236
8767 1270
284 163126
961 2969
79576 1490
5716 51378
55145 54106
4830 3397
5604 3398
2778 182
595 6670
8754 84901
23139 3491
3661 3398
7430 54778
5460 6591
148022 1906
6850 657
896 5721
5599 7067
23542 55715
6778 5609
2207 2280
9146 4763
56940 9572
1832 6404
6929 5307
84901 8775
25805 51119
641 5191
9146 6303
675 4616
5609 572
59307 388
5716 6794
4824 28962
7164 6789
8567 4644
1739 649
11331 2539
10272 3714
11047 8773
10892 9341
5606 10623
23236 23560
5058 7187
5716 348
4644 23075
2549 4853
2626 10437
9564 6404
5925 4775
23210 23765
604 1130
3688 6670
302 26999
8313 55109
7716 4054
80824 10908
240 9368
2625 27032
23210 4437
4294 55072
836 7716
4790 8943
2305 3659
5413 4651
3726 51378
3725 11104
5728 649
2118 8841
9255 28962
7132 4221
4615 2778
2956 7518
5467 3397
960 64783
5796 4040
836 284
2624 4775
6778 3672
7040 63916
302 9255
4086 5268
5598 7941
5828 5291
6850 1490
8773 56829
55145 8563
5335 26191
10935 5154
8737 2624
5871 11120
4436 64805
10725 5828
80781 8867
348 10076
7043 7334
498 63916
5300 58533
9846 81565
114609 5781
9156 83706
861 1909
10522 10782
3661 1997
79084 388
128 9572
6416 4691
3297 4054
10987 4211
240 4853
6774 6404
2305 7161
1510 127281
6464 7453
5599 5307
972 29937
9611 6812
2683 7164
9043 5796
54820 1857
55715 5532
64783 163126
23139 5692
23592 10782
5781 7059
148281 9611
90 63916
10379 51454
7428 6733
1278 2207
4644 9372
3148 57630
4094 5268
836 7025
960 5609
208 3146
3516 3659
678 4216
55366 3491
595 8772
5606 7161
10497 11120
3329 5747
2205 51231
10174 10114
4209 1490
324 56829
3707 56246
4086 3801
4089 3659
641 283149
6772 2634
3476 10623
128239 11120
4628 80762
28996 7941
3398 7161
7057 11047
5663 79872
836 4205
23162 10114
5608 54795
3476 25805
7155 9448
208 1956
8425 10622
10252 1386
9353 163126
23236 6814
3717 6259
10174 5598
8767 56940
4615 10076
23236 694
811 51378
2022 100
2280 51454
2316 5654
4628 83706
196 26191
306 284
23405 5603
5720 55715
4771 5194
5295 6050
3329 2064
966 324
7189 7941
7453 10622
10252 8741
9344 2969
10672 6812
11171 1739
5300 6814
7531 6498
10062 55250
1958 11221
4860 9372
581 23295
28996 27035
506 5154
10049 6591
55294 55715
10818 23139
5316 54910
7531 4691
4094 2202
7043 836
1054 10062
4860 2778
10892 57669
10892 5176
2874 9146
26999 8775
5654 4436
7518 3572
9146 4616
2626 9156
1365 51378
5966 9572
3297 6591
5970 11221
4205 5154
7048 694
6774 1232
811 4163
23568 375056
7442 84231
7001 22976
2771 3643
6733 59307
9618 163126
7155 5660
5587 4054
498 2782
1832 2889
6404 7941
10766 7374
8313 7071
9146 5721
8976 1845
541468 10296
9611 2625
7531 960
5300 6404
1832 661
5830 56829
998 1909
23560 7518
9564 23075
55145 23705
7157 6774
2054 51231
6772 7043
7453 2534
5829 5817
1969 54820
9043 10935
538 29
2022 10622
4303 5217
4296 10626
3146 3491
6772 92140
23592 10062
8613 9092
10987 5716
1027 55250
79840 409
5469 3725
4282 9092
3398 283149
7057 567
9448 9368
10014 10163
8613 10908
6868 939
2353 24145
10892 6376
3091 5797
6497 8829
5720 7043
5052 694
5599 7026
8943 4211
2885 4683
7320 1464
10497 56246
283149 11221
9368 972
284 51119
9479 6812
5467 7428
10672 2305
8754 6722
10252 128
9344 405
408 10062
10623 4040
323 5911
5879 1845
4205 997
3685 10062
2969 4048
7096 4048
4616 2634
3315 10163
8754 55904
22920 6284
9564 8651
10623 22920
2308 5721
3309 83706
6498 7148
4087 10221
1020 2539
7422 59307
6416 3717
10458 26277
1958 196
93986 29072
5217 2530
4163 4437
5316 90
2771 55083
9076 7941
55971 4292
30009 92140
6647 997
5058 661
5966 182
23542 8654
7428 5692
10626 220972
3655 9655
6376 51347
3728 10626
2956 323
55072 9092
28996 4853
54820 5413
5604 4054
3431 79872
79576 114609
9564 2280
10458 4824
1027 54795
10221 51347
5058 7422
7414 7155
3688 23705
5333 1510
4282 28962
1270 581
5074 2629
1432 2778
5664 949
2207 5828
6812 10272
83737 323
677 7941
23598 6591
2530 9572
5873 836
10987 5395
2207 28962
1739 54778
11047 10296
8773 6789
5295 2022
3202 51379
10014 3714
2629 7342
11171 10174
1845 10062
9611 8651
3315 4775
10972 5333
4853 3579
6722 2626
2118 10316
9448 6468
4831 997
55250 56923
4292 5819
6774 80824
2549 93974
2734 25805
2321 80381
2874 7043
3476 6929
348 657
8754 27032
3725 54476
4088 83706
5879 4824
10623 80381
23043 7334
1278 22920
3622 9043
2118 55904
4615 2776
3315 6929
23162 7374
3981 8767
10935 22976
997 28962
4163 11326
26999 2202
4218 541468
3717 2634
79840 1906
5581 409
9821 8654
9821 3280
84282 3714
7100 23236
961 7071
55145 2736
56913 7067
8945 2624
4086 5316
7096 5720
10014 5915
4830 23592
498 6498
5594 301
3398 10766
4303 2683
7414 375056
4209 5268
5295 84901
5581 3265
10728 5830
5966 323
8945 10622
960 2625
5609 2874
5879 10049
2956 4091
2316 3431
1969 7072
1386 81565
4094 7059
7100 2530
4163 25805
114609 55904
3726 3202
3981 9611
5580 5621
9545 10623
93974 23139
5664 11120
7025 284
5609 23560
10623 2530
29072 56998
7132 7453
3476 5721
579 112744
4087 1906
1605 9092
7043 579
1958 56913
1958 4690
5058 4282
83737 5819
4775 541468
51701 163126
79594 54795
79840 56913
56913 10296
5915 4211
9368 92140
3398 4217
5587 6303
10766 7442
5692 10616
5594 1500
7428 889
6868 10272
5291 56246
1605 2626
3675 112744
2626 7071
148022 93986
5966 1605
5747 5603
51592 5413
4851 306
80781 64805
23318 10272
4851 128239
4831 24145
9341 80781
5310 83706
81844 7716
6416 677
4775 2767
9821 2534
6934 661
648 889
6376 7077
8651 2624
4294 1490
998 7941
22976 27035
4086 4094
64783 6890
659 1997
10623 23705
1490 3579
2277 29072
5594 6376
5664 23598
23592 114609
8567 84231
80762 2625
572 4090
7423 7072
5335 2054
3654 6461
3688 10622
5595 972
2547 5970
2118 11128
79840 55294
4087 836
6670 7164
4627 1857
5052 7148
79084 6934
5828 641
1270 4040
9448 2064
7037 2539
51592 8567
23162 5176
64783 4724
10370 112744
9076 55904
22985 8312
7132 8312
2969 84282
4853 54795
966 2281
5300 57506
5469 4088
7716 7164
6050 2736
960 3431
1027 4211
10987 22985
960 3280
4088 9821
5664 6464
7046 54910
1147 9146
79594 641
93986 6890
9344 23592
2767 11120
1958 5595
4296 4048
23598 652
2064 5819
3572 29
10114 127281
2207 8867
24145 163126
11171 7030
5460 79084
10987 26191
1958 613
23405 3622
8473 284
567 84282
5608 51378
4090 80824
5970 7320
51196 3397
1856 2064
3329 5310
114609 27035
3726 51752
6416 8473
54476 7071
5829 8754
10498 10892
57669 11221
391 2626
6774 595
6464 3491
28996 5587
23568 4792
5603 3357
4294 56940
7531 8563
6461 10316
80762 27035
4214 128
939 26999
7422 472
10498 1510
55250 10296
80781 92140
23236 64783
29072 54820
302 28962
5594 5074
5797 659
6809 102
7100 51231
23542 5194
4303 3398
4087 9536
1856 24145
9146 5048
896 9536
9043 7071
10623 4775
5333 9572
6772 3672
4615 54910
939 149041
2896 54820
8315 2874
8943 677
7037 4211
10616 1028
55072 301
3309 1270
5581 51752
4691 8767
5300 10370
283 26191
2321 323
208 10987
9500 5797
7531 2205
148022 8654
4217 997
3717 7164
5469 51196
23598 84231
595 9564
6497 7018
10908 4436
51592 2530
9618 182
5316 5191
6868 7423
4089 90
5682 5311
2874 5692
5581 5058
5307 51454
4627 10725
8767 949
8315 1845
3643 836
8613 567
4763 8493
5268 23560
4790 5925
8312 2626
5594 9611
7046 1856
6464 8773
6777 677
1051 8772
7428 23765
55294 22900
3146 7164
23139 10159
9545 6194
6498 4651
3659 1848
5594 889
306 961
23405 7187
2205 22920
975 11221
6809 10498
148281 5720
7057 8867
1969 1130
5316 63916
3309 4092
5469 7423
604 4092
4086 5654
3146 3397
6778 5413
5871 5603
10049 8915
2969 6789
90 5916
5469 10728
22985 27035
3297 8737
55294 64783
7096 5413
648 10062
4853 2624
6591 11120
8945 572
208 6670
57154 7374
2534 11104
5469 163126
5970 3148
836 80381
60485 9536
9846 25805
4644 1739
975 3579
23560 8741
9846 1909
2767 128239
6714 541468
6498 4092
3309 140885
2874 11104
3675 56246
7186 5621
57506 10159
6778 10316
10163 6722
11331 677
961 8829
79840 10935
10062 8313
1956 6778
9545 56923
9043 128239
5663 7043
2308 23560
613 8546
4094 408
4644 4054
3476 1386
23592 3202
4790 5311
3622 57142
5335 8567
5074 10498
1147 4240
23557 5176
3726 5532
694 8867
8651 7077
6050 5333
5469 5873
5311 7071
5580 55109
79594 9572
8829 10616
8473 7030
1832 3357
2683 5936
8546 11104
148022 10782
102 6497
5747 1147
8945 5721
6050 949
10755 8741
2280 5654
51592 22920
7057 4437
2534 896
10728 10818
5716 1365
5898 4292
7067 340061
7453 51119
5074 84231
4211 79872
6093 6404
1832 2624
6498 4683
1278 4090
2004 11047
896 7518
4691 5191
5599 5601
6259 3707
23560 5155
2547 6890
6774 7342
405 7072
2118 22985
9156 649
5914 998
5914 81565
1856 10437
1054 8741
8772 5194
966 6591
7716 4724
93974 90
7453 10972
10221 10622
6093 9353
5915 24145
5716 4436
283 9536
3091 22985
960 9821
8440 102
3728 5936
240 54820
3516 4091
2034 661
140885 11221
56246 10272
1432 6777
5796 375056
5587 11326
7132 3572
7430 5048
4218 7059
595 26191
6929 55072
9479 4771
3265 4683
9821 1270
22920 23598
5871 80381
54106 4824
1605 6284
960 10908
2969 6934
64783 2914
10252 2207
3675 7030
6733 2889
1956 148022
7040 5217
3579 284
79594 93986
23568 51135
3726 57669
2205 22900
4437 11120
5621 60485
8567 7077
2316 6812
6714 55715
641 3707
6778 9611
4691 2776
1147 5311
6647 10728
56940 8546
10987 5311
5578 1500
657 7857
6885 3280
3685 93974
4296 51378
3398 8613
9344 997
3685 595
5663 3491
8567 340061
58533 8654
3654 4205
678 8773
9821 9846
4090 51196
677 55703
10437 29
1386 6497
4763 889
55145 652
11171 5682
4282 4221
4771 23513
4690 5797
6885 6303
5594 2625
11331 64783
811 9618
8976 8767
1969 220972
3397 1857
6868 811
5747 55715
868 3655
8976 22985
3728 11326
5300 8315
23557 388
6670 1840
5606 26277
7423 83706
2280 10221
6050 8613
3685 9821
5660 63916
10728 3688
2118 64805
55971 2624
2771 4294
6647 3714
5879 5663
51196 7518
2782 4437
836 8773
5300 10296
5594 5587
22976 10370
10014 7030
5310 8425
23318 4683
5581 4218
10766 51231
29110 80381
6885 23236
2353 3659
8440 3091
149041 56829
23592 3397
90 28962
4690 4860
5604 90
949 1464
51592 1020
3309 57142
25865 6404
1739 6934
10972 6934
2202 3659
6050 23318
57506 3397
1958 28962
8829 4163
8563 3431
3654 5268
4830 2530
6886 836
3688 7071
10114 54843
648 4086
2874 4218
9448 7716
864 51564
3309 10221
7018 7518
1490 51378
55971 5898
7442 3357
4282 29
408 283149
8567 10622
93986 7941
5580 8767
1956 4724
2534 23542
811 7941
10818 54843
3688 1490
4851 641
57506 4775
498 6670
1278 8313
6774 10908
5335 5720
1605 93974
811 3297
5058 6789
5074 4616
2022 64783
3148 8563
409 6722
4303 6497
864 301
4691 5604
3398 9618
3315 6850
2629 7100
55971 7100
4690 1500
498 10818
23542 8493
3309 55904
55145 2950
409 4763
5599 5720
10076 4054
63916 7072
5936 661
7030 4651
694 6777
4089 649
1845 8313
10498 7072
1832 284
51701 4436
51196 50488
28996 8546
2736 5311
6764 2874
836 28962
4282 8563
2625 8763
939 7414
1054 5818
93986 11104
3717 51347
5052 3108
3309 7320
9344 9156
7414 6303
5587 79872
9618 5830
81844 8493
7025 80781
8841 1845
5154 84231
595 2634
6885 84282
409 27032
23043 388
57506 2054
11171 3675
4087 51752
2767 5819
2683 57630
10755 10049
3572 7077
6850 2956
51592 5335
4088 25945
22976 324
5608 2778
29110 579
55083 140885
3148 2782
4853 51378
6284 1490
2549 7941
55145 23139
10049 60485
4216 961
4086 5797
5871 100
306 79576
5914 5335
5873 10062
2277 63826
7186 10616
9344 56246
4214 22920
2277 1845
6093 11128
9448 4724
6809 2321
10755 6303
3685 5721
5467 5608
55366 10725
8239 6794
7132 4860
10755 391
5682 5830
5578 961
1054 11047
5797 7374
4292 23542
10370 6404
2321 7100
2634 56829
3146 9255
4691 961
6868 6497
10987 10272
9368 55703
6259 6777
2207 2626
6868 8763
3398 92140
1386 5217
972 8493
58533 10049
811 22976
4296 112744
3315 1365
7531 7100
8943 29110
4292 10437
6647 2305
5828 652
864 10616
79084 7857
3685 50488
4775 56923
79576 7716
4860 7148
4086 25945
9092 8425
8943 7018
60485 661
10672 5911
25945 10437
472 7077
11221 8493
8563 11120
5936 3714
4294 8546
6461 4616
5595 51347
6259 677
1432 975
58533 26999
23592 84231
5873 26277
8945 6733
10672 7030
93986 7161
2956 23542
153090 5911
2207 5587
8767 5818
641 79872
51231 4240
4853 55250
8315 8473
5316 4092
5817 64805
567 9655
5601 2624
79084 581
23592 4651
22976 10437
3643 56913
22985 652
26999 3491
10908 10621
8841 7334
8741 7374
5300 2767
538 694
1906 10497
5604 51592
7037 24145
2207 7518
10076 7857
998 22920
5578 81565
961 10818
4691 57630
581 128
7186 182
5310 9156
595 9572
4211 3714
323 64805
8239 4217
4282 7716
5295 3491
4240 63826
4628 8493
8473 55715
3329 11331
5371 2277
5532 4724
54820 6259
5830 63826
57506 966
949 10497
8829 6789
9479 3297
323 8915
81844 7072
8945 4683
51196 28962
6774 7857
1051 3726
6498 6404
4296 8425
5828 81565
81565 7071
5603 2534
60485 23210
3622 604
3265 11120
5664 5682
2308 10616
1832 2118
2277 949
7161 8493
1147 63916
25865 2767
3655 661
2004 2034
8976 6050
6934 7320
8773 506
3643 405
8239 9536
7189 2202
648 9368
23075 56829
10987 153090
472 54843
23236 23765
10728 5915
1969 10755
5911 1028
2280 10622
3717 2205
23318 10652
79576 128239
3728 5682
5966 54820
5316 182
4088 83737
7187 3725
23043 10379
11326 84901
7067 80824
5074 2782
148281 51564
3654 2956
3398 23705
6885 23542
4209 5606
51347 220972
6812 92140
1051 56829
4214 10316
4292 567
55366 1464
2734 7442
7414 7342
3728 23592
2626 9572
4792 2277
208 25805
28996 11331
4436 55109
10062 10908
64805 51454
8976 4691
6416 5311
2782 11326
2118 5728
11104 29
2683 7057
4303 23592
4437 112744
7040 1909
10253 5154
9564 55366
1020 51564
4771 90
11171 27032
5603 3397
5413 63826
604 7025
4851 10159
5911 3714
2771 7001
1958 80824
10987 54795
7046 6050
2885 7189
7040 5311
5594 4831
3643 472
3146 55904
6850 10626
28996 9156
6461 409
2956 4040
10379 966
4216 3108
2054 6404
1956 3572
10672 3672
5587 579
4087 6809
5333 3397
5607 613
3398 7187
29110 8654
10987 6259
4303 112744
9344 2034
10252 5599
1832 8493
51592 8754
1510 5817
51135 6259
9821 4860
1147 3675
3315 4830
1054 92140
998 657
5217 28962
11128 59307
23210 59307
2004 54843
641 375056
93974 861
27086 1909
3398 51378
5599 28962
11331 896
3643 4437
4775 5692
57506 1845
5532 84282
5970 6498
6647 7030
93974 9076
5058 26191
7716 10621
6416 10987
5599 6497
2549 1464
8567 9448
2118 10253
2353 8773
10987 6498
3476 4088
4691 196
3148 10652
2277 54106
10049 7187
114609 5916
10049 2776
5829 283
8943 11120
54795 2634
2896 3665
57630 10076
998 7423
8767 2969
4091 10437
148022 405
7057 23513
54795 54843
57142 84901
10014 140885
5371 8493
55971 51592
2782 10725
9500 22976
5970 23592
5578 55250
23542 9076
7423 90
5194 6890
5335 2736
960 5692
5599 2956
2950 114609
1832 1997
975 8741
306 7422
10076 9655
4088 1909
4824 5191
405 27032
3661 5268
54476 1739
5781 92140
3280 163126
4851 51196
10379 27035
55715 3675
1020 9353
57669 63826
29110 51379
4282 55109
7155 5316
5058 3726
5058 29
4627 5599
641 80781
5395 112744
9448 10522
7096 7857
4216 2626
4775 7072
6647 4240
2771 4048
148281 4724
23568 60485
4644 6812
5295 5914
2767 23075
5532 51378
861 7148
5871 1845
2321 3655
6794 9372
5970 8312
4690 54820
10437 1848
83737 659
57506 8754
6812 6789
4615 5601
23568 7040
9353 5311
4860 8737
26999 5911
163126 51454
4830 2778
2956 4436
939 2626
8567 2629
4086 51752
340061 10497
10114 10316
7531 7422
1845 5155
58533 2778
23598 3714
6093 4216
6929 2914
8945 84282
2885 9341
54820 4054
2885 283
90 1857
7026 1500
51196 324
5682 10622
8976 7048
960 864
153090 10766
102 8867
3661 30009
1857 163126
196 7067
57506 10623
5728 55715
2549 6497
9368 1857
7100 4048
55145 4216
5606 10296
23043 408
5817 26191
6461 3357
7187 5194
56913 2896
7096 2778
153090 2305
28996 283149
8829 1840
5871 4771
10498 63916
6497 998
11326 7030
7442 64805
23139 5291
3329 2776
6194 57630
9618 56923
896 6259
57506 54820
567 64805
1958 55072
5295 10621
5604 55703
6778 11221
57154 2034
23568 10972
6774 8943
8773 3672
6722 6670
4860 23560
51196 11221
64805 63826
5310 1510
4294 7161
8767 79084
208 6284
6498 79084
3981 80781
4790 3431
6812 652
3146 23318
868 55703
323 9611
2625 889
1510 27032
10728 10522
3398 506
8613 8313
4296 63916
10062 79872
8312 4240
5660 51379
5578 3148
102 7320
55971 5621
25865 4824
3265 8425
7096 3579
7189 4775
9821 2054
5291 54778
3643 284
10892 661
56998 11221
5599 10755
5580 8315
5966 1969
678 6890
5664 11221
5316 10316
4086 975
58533 4644
55971 80781
5663 29
2956 8741
5594 4092
7716 9341
5966 5532
3516 55072
7059 23705
79594 2767
4627 5747
5599 340061
538 4651
5682 7342
657 84282
302 9618
3688 51564
7423 79872
7046 5898
11221 8775
648 3675
6868 29937
595 1909
7100 3579
80762 6722
4209 7414
6929 8772
5828 54843
10652 8775
5599 4683
23513 56246
1386 10159
26999 182
939 4092
3672 27032
7132 10159
2549 22976
5936 1490
572 5720
10766 55366
240 960
5621 10159
8767 10221
8767 8313
6461 148281
4054 4240
4089 3655
6093 128
8613 4651
7155 1510
81844 5155
5871 56998
8943 55109
5395 9655
5074 2683
5621 5154
2277 2064
5058 5268
1958 9076
5310 2277
83706 51379
5747 6464
10049 2539
6497 3516
3398 10174
8440 7518
6722 10782
5300 1020
4860 861
6764 10221
3309 4724
2308 4616
5970 4054
80824 2539
4086 57669
3725 28962
4830 2034
5819 1365
1432 2629
2969 90
5879 51347
54910 9341
4216 9618
6714 4205
3329 5817
6670 1130
3329 114609
51135 595
23043 84282
375056 56246
10728 81565
23557 56940
7189 7001
5747 3655
4851 5818
5300 2202
5966 5660
538 9846
1270 340061
836 1840
23405 10725
1969 7442
340061 567
1130 51231
2022 5721
3981 10370
7025 5819
8841 57142
675 220972
3981 472
8945 7001
5599 7423
6772 579
23557 9821
5594 4091
4628 5395
641 3108
6303 54843
4644 23139
55703 6404
6794 23560
10379 112744
2734 148022
7046 5460
56913 6050
10379 7161
1958 3675
9255 3707
5316 60485
506 3672
51347 10652
5580 3572
864 153090
3655 4092
4627 5829
5829 7059
4221 1464
5663 960
10987 3726
11331 7100
5580 5058
4771 10818
7334 3714
2767 63826
9500 51347
10014 604
4771 3572
148022 5781
1278 148022
5599 3655
10458 7414
208 4724
2896 6890
23542 9092
5663 5721
128 84282
4628 8773
4088 7374
10076 29072
5295 10159
5587 8773
56998 5311
54820 50488
23139 6934
4615 7043
6733 51752
391 5621
5300 4691
836 5818
6850 5268
4775 6890
6714 4831
4627 56246
22976 6812
25865 7442
58533 3665
7157 10621
5604 2626
8563 5194
1510 5045
23043 4089
5603 284
391 3280
405 1464
5335 2321
25945 4436
10766 2054
55145 5268
4851 148022
5176 5155
5663 23598
4627 6722
5609 23075
10014 7161
5604 5720
5310 26277
9821 10972
55971 26191
6886 3297
1020 4292
613 661
23236 54843
9043 28962
8767 3717
7161 657
1840 55250
1969 7043
55294 7071
3688 2277
3643 10253
613 7071
5728 5155
7018 652
7531 93974
3148 4218
7096 3572
1020 2625
2885 1051
7096 5155
10253 10159
4091 23075
56940 1464
2874 8754
10728 2914
9451 8651
23318 26191
1490 649
6194 51119
6416 54106
7430 55703
6093 889
7531 9448
4086 26191
4437 92140
9341 972
57142 5413
23557 1386
8829 9536
4690 4217
79840 4048
23557 4616
4087 56246
1054 51752
25865 861
579 54778
5818 284
9341 997
7320 30009
57551 55109
6194 5176
4853 5936
5879 8567
8239 51119
2625 283149
3685 5335
23210 30009
7100 4091
51564 55904
4216 5268
5594 182
6929 1739
3297 127281
5580 3665
3981 675
51592 998
1956 1001
5829 595
4209 301
2316 114609
6764 7040
4090 5194
9344 4091
54476 5660
8567 8943
28996 2321
7518 10652
10935 10652
80824 54820
4216 1845
55366 3572
8567 29072
208 306
861 1001
240 5604
1958 4792
56913 4644
4690 196
3476 23139
10616 7857
9255 10221
6670 4616
10049 4282
3297 6722
5915 4724
24145 3672
306 5333
208 9618
2547 5608
5469 2969
5469 3265
79840 114609
7422 7857
659 10497
5371 8440
63916 50488
4214 148022
102 51135
59307 84231
51347 51378
9368 7043
5604 10316
10252 163126
966 641
5796 10221
1051 2118
240 153090
5660 10062
27086 567
6764 2629
6886 3659
1051 23236
5879 3661
5300 972
3981 9344
5879 5595
3148 6722
8440 5830
10626 55904
6416 5873
2771 4824
4853 5048
3329 3572
2969 8546
1278 472
63916 56246
6812 5045
4216 57669
5604 4644
2547 2064
6714 23542
5604 9341
2321 10818
102 861
2683 4831
60485 3572
59307 652
2625 22920
3665 2950
10014 128
6376 7072
5664 4824
5581 22900
1386 604
8315 4860
5879 567
4087 4303
11221 27035
5898 23210
25945 4651
51701 2624
90 55250
1969 4616
90 7320
7040 83706
2683 7025
9451 4217
5587 60485
29110 7334
7067 5819
3707 375056
5829 56940
7067 63826
9146 84231
3309 6404
240 23236
5333 83706
8741 11104
4221 30009
9479 896
5879 27086
4860 6934
4437 2914
1832 2534
678 51119
5074 6722
7046 2308
675 55715
7001 1130
9146 5413
5310 23560
2969 375056
2889 60485
5716 6890
9611 4724
2874 1840
3309 5663
8976 4048
6670 11221
6733 79084
5925 3579
55971 26277
10755 3357
3622 182
4824 889
1278 6814
9451 54476
3431 1232
7531 23705
6714 5460
2004 6890
5300 27032
23075 22900
6259 5817
4853 657
283 4163
4216 5048
3728 6194
79084 1232
2207 23295
5720 57551
8976 7716
4240 1232
140885 8775
9344 2874
4615 506
23405 23075
9344 8741
55971 56246
7001 60485
11326 3108
5828 22920
5578 3675
23542 23765
10014 51378
153090 22976
2004 567
10252 102
22920 1130
301 9341
9821 4792
10379 340061
7187 5307
3309 284
6194 182
3148 9564
5580 3725
1845 9572
5580 148281
3091 23295
4294 8239
11331 112744
10076 9156
5217 5176
55083 6885
5603 4209
5663 7414
1270 63826
1147 6050
6714 55294
2734 2280
8567 541468
6774 5604
10253 55715
4296 972
8546 128239
4282 83706
6461 4651
5606 92140
6464 10316
10972 4163
572 79576
4616 8867
56998 79872
93974 7025
1856 57669
7414 3655
6809 83706
4092 641
864 100
4616 340061
5966 9368
4830 51454
5307 4437
25865 8773
2776 6777
861 3659
2353 3579
1051 23318
80762 1001
677 11104
2305 51347
57506 8654
83737 30009
408 1500
55145 5194
2207 148022
3280 284
23557 56913
5925 5335
55366 4651
7442 79872
678 5721
1909 1490
283 408
8767 5191
11128 2634
283149 51454
58533 2064
5660 149041
5595 9372
7531 6814
5460 23162
8915 163126
8741 1130
1956 196
998 896
6850 153090
4627 3726
2625 579
55366 541468
6497 79576
114609 50488
26277 11221
5601 861
4860 29
960 4282
5578 694
2207 2034
6461 51752
5594 9536
1490 5176
5728 8737
11171 6464
9479 8772
25805 11120
23075 5721
2950 7941
26191 7374
7428 5621
55971 659
409 3146
4048 1232
2625 140885
10626 55250
5045 50488
2734 51378
4088 9618
5781 56998
3622 9572
4214 10498
7132 80762
2202 100
2064 55904
4860 9146
2064 6670
4831 56940
79594 4651
23568 8651
5048 5413
8841 10174
3981 8867
2885 2896
22985 54476
9479 3431
9344 80381
51135 472
7096 836
340061 10316
6464 7189
9564 4616
240 114609
3476 9846
80762 64783
283149 284
11331 54843
3981 5970
51135 6194
5300 6774
29110 2280
7040 6194
966 1857
100 5191
11171 4437
5598 54910
7067 26277
4088 3801
10652 28962
1432 83706
6886 5333
79084 8775
7186 5609
4087 10622
56913 3491
196 6814
5058 25945
3091 23705
4690 57551
5966 961
11171 23210
4830 1906
3091 4628
6416 4216
9451 283149
6464 7320
5879 10725
5058 7067
949 1510
8567 5608
10725 579
2308 3717
7025 56998
7001 975
5966 29937
4860 55072
9545 9092
6591 51378
538 7164
5333 4437
5058 836
55083 54910
7531 10159
29110 6890
240 8773
8767 405
2885 5048
5970 5682
2896 54843
3622 375056
2034 2530
4851 10626
5608 1845
8473 29937
5879 2874
102 3714
4615 4092
208 4615
1147 5333
2281 5194
5911 2767
5915 83706
2734 659
3572 127281
4216 652
8945 5074
5796 7442
4296 5311
4214 10622
10725 652
408 54476
6794 5692
4090 3801
80824 677
5966 5194
2767 10272
861 10296
1956 51231
4094 9092
10987 9821
3665 5828
9500 92140
6809 3265
51135 51564
81844 29
864 1001
11171 5603
7414 29
9618 26999
9344 5601
7531 9611
5310 29
3981 2539
5601 51752
3688 83737
5721 4240
3725 652
5581 2547
10672 112744
7334 182
23542 29937
5607 81565
10498 26191
80762 51454
5467 29
5599 57142
51135 6772
4214 1001
889 7148
2767 677
5581 5830
3707 55904
2956 23210
4048 2281
7428 9372
23405 5599
5333 579
6812 5818
11171 9564
7046 51701
3329 64783
10623 8493
581 112744
2205 57551
5664 972
8425 4436
4086 51347
939 3801
2205 28962
5609 11221
208 3491
1027 56923
9344 4644
56829 4211
2547 9146
2734 506
3309 59307
5621 23075
7077 1848
8945 9448
6647 3297
93986 1028
3329 1857
5898 4163
5058 4628
8651 10652
6670 1365
5335 23598
8473 4048
208 4216
405 949
8473 5045
4436 7072
5716 6468
3309 677
3688 2778
23295 1001
6284 90
5747 498
9846 55250
5728 5311
5603 6868
4294 3108
7043 2305
1969 2778
5682 11221
7414 10253
2734 283149
9146 51454
208 6050
4763 1500
506 3431
5595 9353
5682 5052
25945 4437
57506 8737
2771 2767
5663 4824
55083 5194
678 2956
6778 7320
4831 7422
1909 7025
24145 972
4087 4088
9821 8763
57630 5721
6868 3516
5692 54820
306 3725
966 8943
5829 1958
3717 4775
54843 5155
1510 11104
10522 8473
579 324
7374 27032
10253 5720
5663 5828
6670 7148
80762 23765
5664 6733
8312 4163
8239 9572
1856 11104
3297 29072
966 7161
1605 7030
83737 4437
9156 60485
1739 55250
2782 6890
4221 340061
581 23598
11221 4651
3654 10272
3315 8313
5268 6303
114609 6259
960 10221
6497 10076
208 80381
1464 9353
10818 7025
1386 5911
3397 6934
6284 2305
4691 2277
8315 51564
6886 4644
57669 7030
864 2064
3688 51378
23318 7048
10782 26191
694 10622
10458 8943
7067 4437
8976 54476
3309 6929
55294 2280
6812 59307
23542 2914
8546 27035
960 196
2054 7941
8976 861
140885 388
8945 7025
7320 51119
2625 9156
79576 51564
2004 581
240 836
10672 51379
9092 55250
4627 10782
5747 6498
3643 4296
10728 1845
1845 55072
4086 694
51701 27035
8567 4040
6772 8312
10252 7048
5371 9146
208 7187
3726 7096
54778 100
8567 4211
5295 3725
3981 51454
1739 4437
4088 4216
10272 3357
5682 80381
55145 7716
6929 3579
3661 7059
939 1857
8312 8613
9092 4054
9344 9618
7157 1906
3265 3397
6764 7067
6714 5796
9500 8613
7422 23598
4294 3725
5682 5048
55294 7422
5720 1906
1845 5045
10252 5898
4211 9353
7096 997
5871 836
148281 10766
1027 10725
408 9372
1856 284
8945 5191
56923 1848
5581 5663
6722 1857
2734 9500
306 10623
23557 127281
8945 55366
51196 8563
54476 27035
6722 8651
4089 149041
10272 63826
6789 11221
1956 5333
9146 92140
5936 7941
11128 56923
949 659
10626 1857
9092 6777
2969 25945
579 23075
5970 7071
949 2281
5654 80781
1027 80762
10174 6404
83737 22985
3725 9353
408 4763
2896 10497
4790 10621
4690 10935
5295 9611
7189 23705
283 7040
26999 7096
6284 1232
6868 896
9043 283
23236 79872
4851 3726
5058 694
8915 10908
3297 3801
3726 6259
7531 9076
5599 3148
3688 8651
4627 5310
4690 836
6050 4831
5817 8493
6772 1906
3654 5395
79084 1464
8773 661
7453 391
7187 8239
9448 1848
79576 4763
4094 1500
54476 283149
10616 5916
9618 6794
498 90
79576 11047
9572 51752
4628 2539
9564 3202
23560 7077
5829 675
6461 29937
5720 54778
11331 1906
5716 7043
10621 23705
6714 10908
6868 960
10458 1386
2734 4644
5871 2281
8772 55109
6093 55715
1832 7096
10498 2530
595 408
283 80762
26999 51454
3146 10818
8239 10908
4436 541468
2034 10621
5300 7442
7422 4296
4087 8829
51135 5268
5578 2530
55971 23557
55083 84282
4216 4724
1051 8493
9545 7422
10114 51379
506 7941
7423 5817
8613 5621
579 51347
4690 6591
23043 4763
861 79872
2956 220972
283 2782
51135 7072
5469 506
8976 9611
2914 64805
5682 10621
1054 56829
4296 8915
2776 997
2277 57551
5581 9344
1605 23705
3315 2118
102 23043
6809 3725
10049 2956
1001 11120
5300 51701
5664 27032
975 677
6461 2914
3717 8473
2118 4860
5413 7077
23557 128
604 25945
6468 83706
2683 23560
2874 23236
3297 5194
8651 6303
3329 10782
9545 63826
6778 4628
2734 8425
3572 51378
1739 5217
3579 63826
9564 10253
2736 2202
5911 538
10623 3516
7531 11128
6774 28996
83737 5781
9344 5217
148022 84901
4851 694
1969 10972
2054 7030
6498 56940
7037 55109
84901 6812
5879 409
11331 541468
10379 5916
6778 79594
5307 4048
55715 7442
25865 1909
302 641
6812 9092
7442 27035
5664 1969
5830 5721
8829 50488
10458 5191
409 8841
64805 10296
5335 54795
4628 10163
55083 55715
10972 975
6714 56246
2625 1130
6764 5311
3725 2202
5310 7072
28962 51752
6850 4615
25805 375056
7040 11104
7048 29072
4214 3717
6093 2969
4217 23560
2778 23295
55083 55366
5925 4436
5316 55904
57142 4831
5660 3280
7155 836
4830 3665
9344 55083
8239 1028
811 54910
6461 7096
2778 22920
10728 6670
26277 28962
4088 3685
55083 5621
6885 54106
153090 11326
5295 5291
2969 4040
2885 9368
5310 8772
51701 7018
10163 3655
949 1906
5594 10272
5606 51119
51378 29937
6772 1270
27086 10062
5911 9500
196 2767
2969 54843
10379 538
5925 11104
1278 6376
1510 541468
10163 975
3091 408
29937 92140
23592 7043
23560 541468
148022 55250
3801 7941
3329 8737
2634 1464
7423 5721
2956 23236
22976 63826
9092 324
7100 997
8754 10935
27086 6404
5580 5607
6764 5074
58533 7189
5469 5268
10252 5819
2308 8567
972 51454
56998 541468
1027 5333
5058 5307
677 51752
3398 4040
8315 92140
4209 1464
8239 5045
6714 1054
6464 5654
2782 391
2064 4091
613 960
8567 2634
5595 9076
8440 498
641 26191
93974 54820
51231 5191
4296 1739
3309 57506
1278 10498
613 4090
55971 2539
4763 10159
7157 3643
23513 6284
5716 975
3622 5663
8440 26191
79840 29072
7334 2281
9545 8313
1386 5598
5074 6498
148022 8313
3659 10621
55145 182
6093 83706
2778 3707
5607 9611
8945 7072
2734 2874
10725 57669
7157 8943
375056 4436
5268 5818
572 677
8651 10370
1956 5310
9344 5587
8767 84901
8943 10316
405 51379
2885 4763
5371 7423
23405 51379
581 4724
4216 51564
10049 2950
409 694
5604 4775
408 5692
4824 8741
6934 28962
405 54778
5879 6303
3091 148281
1909 4436
409 8767
2874 23318
23236 2530
939 55703
302 6050
148022 4831
2950 5819
149041 220972
6714 208
2683 2950
4054 51119
5300 6934
6934 56998
6886 604
5606 10062
657 28962
23592 30009
4615 3202
306 5796
90 11221
3091 5898
54820 7148
998 2950
23162 54778
1365 8493
6774 10437
572 7148
2530 11221
7001 8915
23295 10316
4240 7077
3655 55072
5728 538
10379 84901
25865 10818
83737 2118
22985 5720
5295 4615
3476 4831
998 1130
498 2889
55072 5176
208 4860
10498 11326
348 10370
811 2202
3309 4221
6777 51378
11171 10818
10498 10163
84901 3714
4218 5828
148281 5830
2625 1510
960 6733
4088 10437
8767 6284
153090 975
8976 836
4090 949
4824 3280
6885 29072
5580 6868
4792 7716
55904 2530
868 6194
148022 3659
4221 972
4296 2202
2782 5936
10497 112744
3476 7430
23405 972
4094 10766
2353 8425
57669 29
5607 22920
7186 10379
55072 4651
4690 6468
5052 3572
6886 1464
2316 7155
1909 6259
55072 7148
5898 7374
1130 4054
79594 5796
51135 5191
56913 3091
5460 4089
2683 1020
112744 80381
3688 3148
2281 140885
9500 567
7155 2205
9092 1906
4217 56246
5291 63826
8315 79872
5058 4644
10049 7374
5300 939
4851 51592
81844 114609
5310 5911
4087 4209
6809 5310
7001 8425
6670 694
2277 10725
9479 8440
864 4683
5587 55072
79840 50488
6772 864
3315 4282
4090 114609
